66.66666666666667
72.66666666666667
47.666666666666664
60.666666666666664
40.0
42.0
29.666666666666668
70.0
68.66666666666667
64.33333333333333
65.66666666666667
70.66666666666667
66.66666666666667
52.666666666666664
58.333333333333336
66.66666666666667
69.66666666666667
65.66666666666667
40.0
64.33333333333333
56.333333333333336
61.0
57.333333333333336
67.66666666666667
64.0
37.666666666666664
51.666666666666664
87.0
52.0
35.666666666666664
71.66666666666667
57.666666666666664
62.0
82.66666666666667
54.666666666666664
63.0
95.33333333333333
41.666666666666664
77.66666666666667
63.333333333333336
75.66666666666667
65.33333333333333
63.0
79.66666666666667
66.33333333333333
86.33333333333333
52.0
67.66666666666667
72.33333333333333
32.666666666666664
55.0
56.0
70.33333333333333
77.0
48.0
87.33333333333333
35.333333333333336
86.33333333333333
74.66666666666667
52.666666666666664
65.33333333333333
90.0
60.666666666666664
64.0
66.33333333333333
66.66666666666667
65.66666666666667
76.0
43.0
61.333333333333336
64.33333333333333
82.33333333333333
71.0
63.0
76.0
61.333333333333336
61.0
37.666666666666664
39.666666666666664
81.66666666666667
61.333333333333336
63.666666666666664
52.0
57.333333333333336
38.0
46.0
65.0
91.0
61.333333333333336
69.33333333333333
45.333333333333336
52.0
74.0
63.666666666666664
86.66666666666667
79.33333333333333
66.0
40.333333333333336
50.333333333333336
34.666666666666664
44.0
49.666666666666664
51.666666666666664
53.0
65.33333333333333
55.666666666666664
94.0
55.0
62.0
59.95412844036697 64.07339449541284 61.77981651376147
